111
112
113
114
115
116
117
121
122
123
124
125
126
127
131
132
133
134
135
136
137
141
142
143
144
145
146
147
151
152
153
154
155
156
161
162
163
164
165
166
171
172
173
174
175
176
177
211
212
213
214
215
216
221
222
223
224
225
226
227
232
233
234
235
236
242
243
244
245
246
252
253
254
255
262
263
264
265
266
272
273
274
275
277
311
313
314
315
322
323
324
325
331
332
333
334
335
336
337
343
344
345
353
354
355
363
364
366
373
374
377
411
414
422
424
433
434
441
442
443
444
11
12
13
14
15
16
17
21
22
23
24
25
26
27
31
32
33
34
35
36
37
41
42
43
44
1
2
3
4

